31680  3280 
31411  955 
31411  2467 
27759  2738 
42651  3599 
5435  8420 
35183  4343 
23225  8208 
13852  8929 
25145  2802 
18238  1678 
21899  8835 
29590  6243 
18914  6635 
2851  3348 
2851  7856 
10475  8311 
2171  8276 
17512  4857 
19777  1784 
24748  3669 
19023  8750 
9714  7999 
9241  2271 
35476  4185 
3299  9758 
13769  5784 
9766  2090 
1829  3122 
39897  6156 
26933  84 
28887  2634 
43111  3849 
20883  395 
21264  1037 
31544  4617 
24670  7868 
5604  7921 
24481  2874 
34518  4753 
20890  4573 
15431  2050 
13194  1928 
30795  8745 
11987  3086 
22221  4613 
27621  3318 
27235  4484 
42674  8008 
42148  8838 
31501  2411 
22420  3084 
5207  464 
3246  5935 
30885  2929 
30885  3314 
41329  8426 
26168  3952 
14699  4991 
7423  2457 
39662  6861 
5181  3507 
12275  2574 
32876  2626 
30623  9264 
15714  4685 
27900  4627 
39376  2458 
15874  3893 
24762  5119 
18924  4837 
14479  6573 
35784  372 
25493  5432 
26159  4654 
34641  3351 
1840  1808 
43975  9801 
17467  2056 
12425  7177 
26971  802 
19199  6487 
20181  1618 
37656  2780 
38100  1 
5663  1851 
37992  4426 
19636  2892 
30671  4891 
34852  6413 
28345  1547 
1576  3674 
29320  5871 
21110  2290 
21110  3889 
24845  3098 
23608  569 
23608  2935 
5771  4663 
13754  3087 
33912  353 
7696  3411 
18646  1396 
8945  4621 
1190  403 
29647  8793 
29647  9381 
26502  1362 
30854  1427 
1769  876 
11081  4782 
514  3554 
4622  954 
485  6110 
15096  4292 
32777  3381 
21142  5118 
31537  7500 
9750  7177 
29496  5185 
42299  7475 
35652  5376 
19922  2105 
18031  5065 
34990  2155 
42902  7192 
25395  2478 
40344  7021 
4119  7303 
5938  6005 
40633  8485 
33495  248 
33495  9544 
11767  573 
20502  1968 
20502  8664 
22100  8686 
25263  9312 
8143  3512 
42179  3755 
19540  6880 
11716  1559 
11716  8079 
13065  8268 
12339  2710 
39789  2108 
2170  4806 
13213  2170 
3396  2689 
26075  2603 
20989  2918 
39203  1153 
39203  2605 
730  4552 
42053  3097 
32314  1375 
26418  1685 
8914  2516 
8914  7125 
2687  2497 
23249  4953 
43971  1726 
27539  9554 
5761  1101 
10914  271 
10914  8081 
2674  2551 
34599  3840 
588  4320 
37973  2980 
32867  5868 
31242  9505 
12696  4944 
28078  7511 
28078  8420 
310  2861 
32346  6557 
21145  4556 
37848  47 
37848  4541 
37586  7293 
37586  9120 
33762  6511 
7169  4946 
21300  8221 
21267  9288 
1996  3226 
5167  4457 
24428  141 
41920  7027 
437  8810 
30352  7941 
27905  3079 
21176  10 
42267  6642 
23242  8424 
32518  5018 
32518  7096 
32518  8531 
25238  3794 
33625  934 
41047  182 
15821  3204 
15821  4131 
12322  6675 
10634  1630 
10634  3847 
10634  8014 
5154  9377 
12104  2891 
13541  5798 
2253  2397 
39690  8547 
21393  7584 
25134  3044 
5810  447 
4863  3886 
41300  6891 
28644  4567 
32084  9526 
38369  6320 
2939  529 
388  1192 
388  3897 
11959  202 
18147  1598 
35845  5441 
25777  2958 
36955  3389 
12635  8331 
29065  8817 
29775  209 
20617  3926 
36642  1364 
9675  3806 
22501  9467 
11922  1482 
38108  2435 
27264  2614 
20607  3386 
17390  7883 
2156  9699 
32082  7833 
30332  9019 
15209  2103 
602  3412 
9023  2880 
5402  5127 
11456  6256 
31220  898 
1175  1029 
36305  2173 
36305  8693 
16572  4719 
27573  4759 
23211  1713 
8328  1115 
33091  6195 
30456  3238 
24177  8925 
2986  3583 
39919  406 
4993  2414 
19717  4914 
41670  1922 
41670  5997 
10460  5071 
36276  0 
17107  9545 
42623  4878 
11445  8493 
17248  3196 
9742  9854 
26553  5092 
41745  938 
25756  157 
9484  7511 
13571  7657 
20558  5538 
33545  7429 
18886  853 
18886  6685 
3401  4004 
29708  6684 
6448  5799 
30897  3339 
8562  3191 
19025  3306 
13999  677 
14333  3372 
14333  5664 
14349  6104 
16549  8123 
10732  6665 
4921  7318 
30275  9203 
37980  5558 
18524  166 
18176  1687 
31589  3371 
40732  2725 
36006  5338 
13773  9060 
42014  866 
21777  7056 
21199  6125 
28132  6072 
5025  4006 
14131  3378 
41849  7333 
14092  3379 
32139  9468 
14689  2224 
685  4949 
2101  3645 
41098  946 
39030  465 
22629  68 
15861  2091 
1631  2143 
32517  7811 
20225  2568 
15415  2975 
31093  2658 
41888  7172 
43878  7945 
3793  4377 
2552  138 
1584  2096 
25197  5328 
15462  7516 
56  5472 
13735  4474 
20035  2971 
4365  4914 
173  303 
34261  7253 
11178  1285 
585  3381 
39182  1047 
36346  2859 
16263  190 
21509  5378 
15032  8200 
41696  5456 
18028  1957 
43725  7974 
22138  7250 
9857  948 
9857  9516 
42216  9852 
37034  4630 
25516  1664 
25516  5507 
18255  7009 
9340  3267 
41157  9030 
43721  7567 
28766  9804 
43323  2655 
38184  4407 
18923  3721 
37650  842 
37650  9882 
15195  7003 
10064  5952 
10064  6499 
23870  7371 
42663  8243 
35072  6346 
42841  616 
4100  3244 
4100  9449 
10546  2369 
40779  1344 
22231  1729 
26035  4678 
17516  4187 
23314  7625 
24357  2537 
41319  3823 
26596  599 
16961  3427 
17407  9613 
7146  3542 
3722  8977 
7255  6461 
3287  2399 
30921  6491 
24736  2729 
31697  3644 
38566  4501 
17399  5939 
28648  8137 
13594  9455 
26761  6018 
4444  8892 
32224  8495 
22439  7768 
21382  4234 
3706  3951 
9261  2832 
17377  6280 
30468  1084 
39938  2155 
2403  2324 
2403  5442 
25130  9569 
6253  1117 
23719  6167 
13116  251 
2271  3576 
2271  9537 
17315  1026 
12891  2274 
21088  8987 
12895  1756 
34787  8324 
9063  8569 
33395  7070 
31783  4222 
16836  2097 
16836  6990 
16836  8361 
28965  3251 
35121  9568 
28647  630 
28883  5386 
4896  1770 
43233  8490 
35053  5500 
21769  2734 
30435  5474 
42747  8702 
3786  4901 
24724  8653 
21465  2235 
21465  2564 
36707  2212 
36707  8914 
10331  463 
17792  7815 
3109  1825 
12794  2513 
12794  3822 
22539  4570 
14173  2761 
21453  6794 
43685  5522 
6160  1281 
1737  6266 
31013  7176 
27574  8365 
17618  6558 
29876  4741 
15590  7656 
38618  5105 
23174  83 
23174  1655 
38754  9897 
42329  932 
15769  5469 
34799  1431 
43133  4721 
20466  2852 
14453  9498 
2482  5628 
2482  7539 
30742  3645 
36151  5379 
36151  6048 
11758  3167 
13869  155 
9430  483 
4350  6848 
36766  2065 
15601  4324 
15601  6748 
29049  3018 
18941  4464 
13015  1011 
34309  961 
34309  5457 
34309  8656 
1414  771 
22544  9698 
24665  3716 
28927  330 
26153  2662 
16634  2906 
18839  489 
26452  2591 
15241  7621 
19102  190 
17678  2225 
26583  2054 
25436  5907 
11101  5952 
41692  1783 
26174  2890 
26174  4650 
24346  7505 
28294  5821 
21575  8595 
8865  1186 
34589  9897 
11478  101 
21906  5501 
741  3576 
19768  8157 
37164  7997 
2335  9204 
37514  4139 
36557  3477 
24842  4672 
29855  6105 
39878  320 
34143  4146 
38453  8798 
34387  6678 
4203  8018 
16373  3343 
3601  4178 
15259  1957 
1613  2901 
33660  8235 
42083  1791 
42083  2116 
11893  6163 
9695  5995 
16896  2634 
6408  4088 
32255  667 
11915  9449 
891  1944 
20849  8450 
43237  8521 
13969  4624 
18142  5327 
22958  9859 
39171  6793 
39171  7627 
37320  7333 
21451  6094 
19447  2215 
32086  6969 
4348  7696 
34642  8838 
40921  5566 
13964  9974 
27371  395 
7431  3316 
3513  853 
4104  559 
43625  5006 
15824  6077 
978  5864 
1034  5845 
1034  8664 
20116  1555 
43886  5999 
29866  1940 
26551  4299 
22968  204 
22968  3862 
6793  3748 
34219  3993 
12889  5413 
31026  407 
35231  7023 
40863  2052 
43701  3370 
13199  4046 
38945  6176 
31936  8688 
21198  1299 
37382  1651 
13406  8415 
16745  7692 
1935  4569 
10830  3077 
42488  9775 
22784  8074 
15910  5234 
19377  4694 
1460  6009 
23092  9696 
39518  1075 
20347  3566 
42780  8214 
43642  4306 
10663  6739 
27320  7675 
41149  5850 
33176  3236 
17480  1165 
42713  6399 
19241  3195 
19241  9601 
12315  8774 
2038  8041 
21266  3813 
21266  8342 
21254  3199 
11304  181 
11304  7417 
6147  2558 
4886  2864 
3794  8130 
3047  645 
36973  7003 
24115  859 
35764  4055 
35764  7771 
28558  1052 
39965  3934 
35897  6677 
27829  3754 
35412  605 
43877  8829 
10590  2802 
6986  7901 
9631  1917 
19766  3909 
5465  6801 
3494  351 
3494  4883 
2010  3985 
29048  6528 
9357  6431 
29343  2548 
36051  2512 
26681  3000 
8362  6277 
7628  741 
12064  6596 
35590  6105 
13640  8421 
18169  6028 
39466  8864 
8367  4065 
20137  9023 
42584  9861 
32643  2718 
5517  1200 
16891  241 
9433  3265 
9433  4447 
38485  4286 
24941  637 
32388  913 
4457  7507 
3003  4505 
14789  5032 
43740  1983 
1936  22 
29949  4356 
27076  6633 
10061  7747 
13411  644 
13582  253 
32850  1244 
32850  7968 
13539  6311 
32406  5423 
18360  5750 
18329  1900 
36660  8772 
12928  8648 
40257  6276 
7605  3758 
17178  6458 
9249  619 
34978  5337 
34331  3865 
17129  7184 
11872  3806 
11360  146 
39386  326 
17808  6954 
2779  1166 
11431  1951 
14553  5262 
7128  7368 
19152  4854 
3048  1932 
2180  1729 
2180  8507 
6995  15 
21186  3129 
21186  6880 
11449  4803 
3021  1609 
36279  9290 
39317  5284 
28610  3507 
28610  9113 
7782  5733 
34757  880 
5911  2832 
35258  4553 
42407  8602 
30066  3667 
37429  8510 
28811  2574 
21785  7144 
20416  6253 
13921  276 
5748  1782 
27875  7674 
7285  1051 
31514  8642 
4576  4861 
14116  4662 
18658  2864 
18658  5077 
38135  5598 
38135  9281 
30878  5268 
25160  753 
13176  9020 
752  1168 
8702  374 
10673  7297 
40238  8286 
6185  4400 
6830  5266 
22740  262 
119  9977 
4682  2821 
3435  284 
27708  9653 
39418  9717 
32509  9708 
21306  1195 
8433  6294 
10440  7088 
29658  1388 
14039  3582 
4625  3624 
2908  3210 
13144  8480 
11889  2529 
20164  4854 
20439  8774 
17076  9989 
13282  1016 
6146  8928 
24316  7846 
6245  3555 
6245  4870 
6245  6091 
21161  9380 
37444  2139 
24667  5164 
41625  7697 
4692  2154 
11176  2584 
9779  5306 
37625  4203 
13555  6877 
12636  2051 
1263  4330 
41968  7597 
43318  8687 
31888  7427 
41133  6148 
15513  6907 
17308  727 
29462  4763 
18109  4213 
11368  7902 
43437  6361 
43437  7443 
2610  791 
20556  279 
9316  6451 
39971  9753 
34112  8413 
30724  4788 
18757  2872 
8216  5908 
41565  1829 
14866  385 
34044  1193 
26185  9033 
29173  245 
29173  2087 
31879  7086 
26877  1812 
40975  982 
16150  5081 
1291  8148 
6881  9668 
25496  6905 
22113  4100 
21731  3841 
15653  3540 
4641  7526 
25200  2726 
37976  1598 
12942  9602 
11687  8187 
38814  140 
17042  6174 
24029  4671 
24839  4907 
32720  8145 
24294  8753 
36262  7826 
41963  7335 
28495  2426 
23754  495 
33055  8135 
23574  7025 
1025  3332 
16763  3749 
16763  9603 
36295  3156 
11970  5911 
8009  9071 
19370  7170 
19133  1127 
7046  2336 
4252  6225 
25719  9377 
35104  3439 
36624  4181 
35558  7683 
29922  1765 
7468  8714 
34385  9919 
7340  7444 
8225  2212 
18159  4111 
40820  9880 
36841  3690 
31151  4488 
20616  4361 
20616  7073 
12631  8184 
25349  3292 
29596  4147 
32328  4955 
21760  6804 
2167  4969 
914  1671 
914  2834 
2691  1794 
30346  5693 
36757  5532 
28757  167 
2648  7847 
26145  6625 
18502  2667 
14624  799 
15983  5855 
25331  626 
28357  8889 
25470  5590 
25470  6888 
12566  883 
12566  7338 
12566  9381 
286  1803 
23292  5403 
41116  1780 
19035  7310 
16390  7136 
8249  1787 
8745  9950 
2347  53 
39984  4023 
3490  8340 
35868  3851 
34559  5694 
29558  504 
29558  8344 
34888  2325 
40286  8791 
6876  9272 
32410  2745 
19391  4549 
20150  9482 
24409  6923 
30429  4804 
6289  504 
8123  2184 
35731  9153 
23482  9524 
10983  8580 
7294  8680 
26393  4656 
12595  7924 
21753  4627 
35778  2156 
26167  7840 
34281  8262 
38505  3579 
20391  5794 
32521  9261 
43636  6251 
35918  5042 
23058  7377 
18724  3963 
7238  200 
28497  8530 
36043  5492 
28240  7856 
27487  2446 
5342  2844 
18263  4825 
21968  419 
3898  4417 
19130  6169 
1727  3827 
16760  3659 
13873  1557 
6267  1427 
13252  3626 
34689  3763 
15112  8805 
12333  1876 
11825  3760 
35633  5672 
31859  9719 
35007  6183 
2583  1589 
21732  1642 
28502  6137 
42748  562 
21920  1353 
21920  5414 
16206  3486 
16206  3820 
10887  1668 
10887  3683 
41737  93 
14400  8773 
4503  8997 
33702  2283 
32276  5318 
32276  8909 
15182  610 
24118  6742 
37623  3418 
21148  9998 
16906  1346 
21118  6358 
24466  8073 
2725  8589 
6089  4846 
32806  9862 
15611  7366 
27037  2001 
8604  3575 
8604  8812 
13381  7300 
43471  7266 
25241  4073 
28202  7672 
43417  1265 
24964  8276 
33053  2685 
8721  9707 
13568  3004 
23410  8714 
23571  8222 
33206  4210 
39072  92 
39072  9162 
29465  895 
29465  4024 
4577  435 
13682  9349 
13527  8860 
32261  2742 
28990  9044 
22466  958 
15042  2600 
18964  6205 
3441  8062 
30496  7863 
37365  5796 
31880  3491 
31595  7880 
32475  2368 
39761  7647 
43290  2614 
23346  4996 
14876  7459 
12660  446 
6600  2827 
41086  246 
41086  7198 
39732  1600 
16758  6 
40081  7 
36316  5792 
12255  7549 
10700  9783 
2080  6764 
21611  9403 
16113  8649 
14551  5474 
22120  8322 
8587  8569 
27025  9094 
28803  8336 
10122  4713 
14035  6308 
31517  3649 
4245  7408 
38871  8628 
43225  3739 
33280  2573 
31180  3277 
3536  4921 
21469  2098 
31433  4018 
154  8397 
31106  4005 
26366  6291 
30560  7379 
2316  9987 
43204  4283 
2241  5739 
26407  363 
21236  6195 
28052  8185 
4823  591 
4823  7951 
26156  2779 
32367  8477 
2432  2407 
31567  295 
20061  343 
12481  9731 
39665  68 
25829  4251 
21558  4198 
42856  6311 
935  6917 
24228  892 
27789  9546 
35443  3655 
32500  8251 
12786  234 
25666  1004 
17240  8693 
782  597 
9033  4604 
23959  3323 
13606  5172 
17469  3244 
40261  8918 
14592  1978 
227  8250 
31122  4832 
10337  1676 
31213  7288 
23248  5938 
20156  6313 
5069  5942 
21141  9335 
30718  4679 
24329  5168 
32829  9719 
12266  1980 
20090  9270 
25997  2580 
28065  4130 
10871  9000 
33646  3431 
33646  8075 
16144  2291 
25184  1598 
27684  5424 
18880  718 
31961  3185 
25192  2441 
4991  9969 
30831  6781 
13868  9684 
28530  8369 
8325  62 
38890  2571 
14668  3964 
8285  4137 
24564  2461 
36174  8463 
4796  3667 
40491  4836 
35469  2018 
41135  6351 
27649  5427 
27649  6454 
24267  7444 
6978  7324 
41704  527 
12372  8753 
31179  236 
23063  529 
7514  5362 
13117  2631 
40803  1734 
29290  9907 
26202  4423 
23340  2674 
21886  1181 
24053  9840 
10770  9737 
29923  7271 
31222  7027 
31728  8807 
6769  6698 
1566  7895 
8644  6527 
858  9292 
6854  7626 
42229  7670 
39989  7933 
33839  1661 
15365  2680 
40459  6875 
8547  7907 
4227  8386 
32306  4264 
38268  7110 
43229  752 
3799  67 
29059  9234 
41005  6874 
41005  7720 
28300  896 
7627  3717 
30270  3986 
40781  3870 
24877  6197 
4373  9301 
12129  7861 
12129  9365 
5060  9441 
39575  6179 
39575  8107 
12110  2672 
3413  7804 
41401  1930 
41401  8823 
15837  2309 
18485  4252 
14981  7247 
25407  5502 
36607  7701 
2422  2076 
42022  2668 
42359  5044 
22589  669 
35528  897 
28839  8143 
25429  3064 
10878  7714 
27098  1915 
1386  4100 
10829  2932 
2402  1028 
7152  2857 
7445  7565 
7850  1354 
18167  9198 
43073  3229 
5030  4592 
18892  536 
39479  3762 
20723  6005 
15595  9631 
24437  3761 
4429  1726 
8344  3036 
19496  7608 
29488  460 
33569  8806 
30370  75 
9050  209 
24224  6717 
32480  82 
7516  3487 
15329  2594 
3114  1976 
23421  9718 
26805  2421 
4565  2733 
34991  8228 
11905  2930 
39234  5635 
17601  8458 
26818  2896 
38925  2427 
35280  1847 
357  9079 
3522  1405 
12797  6939 
5293  1421 
5282  9249 
34623  7348 
21693  2174 
27198  7029 
37903  5310 
8195  6786 
6117  8815 
4059  7680 
9194  5683 
26573  6703 
29704  4367 
9731  7936 
20429  6586 
32062  8885 
17310  9510 
7702  8366 
38550  1985 
15304  1613 
29146  3135 
36113  9104 
38931  6173 
43243  3888 
7458  1561 
20277  5408 
37451  1348 
6297  7566 
25269  1123 
19032  4858 
28893  7477 
8064  1567 
43160  2179 
12305  3711 
8724  459 
6480  7483 
11222  4902 
38764  6466 
8011  4895 
13543  5941 
13543  6142 
1073  9202 
40473  1496 
29339  5592 
21828  8117 
15423  312 
31776  3758 
33821  976 
38445  3071 
8072  9009 
42021  8051 
42865  902 
22267  7804 
33467  6698 
1357  5542 
28440  1181 
28440  3095 
21298  4159 
15866  7138 
15866  8334 
4186  7696 
5289  909 
11303  7805 
13926  7861 
27089  9735 
34107  1830 
36142  8404 
19719  3695 
29994  6743 
11072  9439 
16407  1964 
13304  5322 
36179  3997 
12080  6877 
1199  5404 
15600  5057 
37124  6214 
22325  8195 
33090  7976 
34522  2907 
15509  3729 
22147  7407 
30120  9381 
3650  784 
33001  4953 
12809  5017 
30425  8827 
26663  9358 
35530  5050 
25318  8492 
25318  9094 
17116  8653 
6759  2895 
39453  3637 
35835  2607 
22378  196 
39364  3623 
39364  3916 
21026  5801 
24433  7786 
23089  7660 
6599  6420 
35178  9290 
34931  3178 
19537  9195 
19740  42 
15762  5607 
3904  513 
41062  6801 
37582  3683 
37820  4615 
8043  5621 
38541  7351 
41182  7011 
21134  5234 
34521  527 
14914  7307 
36515  5060 
41170  6459 
31312  4645 
26020  1431 
28552  4970 
28108  1738 
35669  6903 
10745  9744 
30047  8123 
42673  6813 
2656  2039 
33597  1354 
22088  2420 
26976  3431 
1721  3756 
5253  3091 
7327  4778 
21055  2745 
21055  5147 
23983  7461 
2557  8986 
38579  7226 
41449  1999 
42604  2436 
28419  2782 
39746  6193 
15946  6346 
24879  694 
34296  7116 
19076  1561 
3491  4230 
33354  3046 
15075  6195 
8131  7692 
8131  8386 
22376  7990 
37850  2338 
12194  1459 
2923  7871 
335  2208 
35716  5693 
17848  7001 
32146  5294 
43380  5983 
37664  7498 
20319  1420 
33266  5300 
8390  7117 
32441  1063 
32920  7204 
41322  3501 
11188  7353 
5785  8208 
36775  6032 
22664  2518 
22664  3357 
40956  6503 
12805  4645 
22708  1477 
17186  3395 
1842  9686 
31947  6190 
14776  555 
28380  1928 
2917  4615 
39903  4350 
5152  5890 
39700  174 
39700  1494 
2296  6008 
27401  7500 
39238  8336 
11481  5417 
31975  4982 
1186  8618 
35603  9047 
32717  8375 
2965  2130 
29640  651 
14266  9554 
295  5755 
6657  622 
5501  8992 
5150  8655 
5355  2060 
328  3577 
5177  2148 
21987  1549 
21987  2310 
43658  1920 
17960  748 
36428  8036 
14721  273 
6904  3052 
9165  8009 
22298  8006 
32313  7271 
31658  3635 
12210  6338 
15373  8999 
11966  9551 
27014  1902 
43974  6623 
1071  7259 
24008  3358 
19573  7179 
42429  4561 
24830  5141 
21089  8590 
34910  1449 
2085  659 
42463  3813 
32258  9616 
25955  1367 
43118  1595 
19583  7498 
4004  3395 
8189  621 
7546  4183 
32408  2017 
2870  7303 
41731  8064 
41731  9867 
29403  145 
16491  8036 
29648  427 
16981  6206 
10408  7858 
20417  1614 
13757  1694 
41344  422 
3568  3108 
17736  3329 
35389  3035 
35945  4710 
4649  5210 
30147  495 
30147  1239 
3429  952 
22978  4344 
3073  2225 
3659  6064 
33855  2078 
33855  7526 
33855  8777 
23515  894 
3362  8299 
14357  6491 
30543  3838 
13578  8606 
40267  1216 
22622  8847 
20476  3516 
18594  1987 
14577  7203 
26618  9564 
41927  6586 
30122  3779 
29425  2029 
27070  151 
5801  6886 
20382  7583 
36731  1924 
33561  301 
29637  3603 
29637  3977 
7164  5013 
28987  9295 
24227  4121 
5491  6292 
32059  9962 
10455  1327 
9203  5226 
6773  7106 
13482  1684 
26662  9157 
35003  5912 
21998  7930 
13516  3998 
19554  309 
35241  9586 
43698  2061 
43698  9213 
38849  3395 
31052  214 
31052  7354 
17529  6473 
27033  8541 
31390  7358 
10436  2509 
12119  3621 
12699  2054 
12699  2843 
42816  4972 
38922  4192 
621  7249 
43999  7808 
3476  4330 
34290  5358 
29959  5009 
5278  3874 
43097  1007 
30815  2868 
22540  7934 
10938  2433 
26486  1538 
17135  9775 
25323  6817 
25323  8616 
32513  2654 
1805  4269 
26054  3601 
5144  9717 
16450  8810 
35357  7584 
40312  4787 
30809  9176 
43941  8843 
20462  4225 
1432  4391 
3648  8991 
6719  3177 
18717  4474 
15822  6834 
27560  4169 
38928  9014 
7025  323 
17154  5094 
42662  5588 
19405  7643 
41599  5265 
31095  7322 
18023  6139 
29015  2499 
29015  4593 
29015  5925 
10148  5537 
13149  5483 
22590  3862 
5928  7704 
7130  2549 
7130  9485 
11200  3468 
11562  5987 
11562  6333 
19779  2600 
30739  1577 
30739  4934 
557  6647 
24882  177 
36849  2715 
20941  3549 
23961  2303 
20711  8142 
12226  2860 
40527  8264 
23884  9907 
43819  1761 
32505  8856 
22085  538 
19623  9229 
23102  5643 
11532  4475 
31902  6982 
34496  8359 
31241  6597 
34021  6862 
4773  7321 
13106  4710 
18902  3012 
26162  8345 
4967  188 
9185  491 
20414  8639 
14203  5304 
5483  7756 
3782  2403 
29257  7794 
18845  6899 
25008  1128 
33617  5304 
27799  6525 
16703  8054 
26799  4414 
23596  1332 
14685  6334 
9541  6120 
41779  4351 
7925  3841 
40039  2584 
27617  9244 
24444  5802 
7058  2869 
16577  3879 
17923  2229 
19340  1544 
5724  100 
32895  1802 
6660  446 
19477  8410 
3385  5537 
11416  7052 
33905  3878 
24080  6831 
29072  9939 
8796  8445 
19987  5730 
4673  2947 
26668  8912 
37221  4978 
10980  5067 
18911  8129 
3761  3595 
26033  5572 
34726  3925 
32005  2779 
39046  3565 
42301  2727 
41694  4872 
14538  4709 
9942  4054 
32340  2659 
36343  1618 
7181  7730 
3033  5919 
9725  9945 
41215  2171 
17922  422 
21127  3299 
5749  5079 
5749  9959 
7618  1800 
16391  7839 
17048  7808 
5098  5127 
11655  4617 
20353  335 
36753  6744 
38706  9774 
26354  2805 
32397  2163 
34266  6898 
37644  5298 
29302  9601 
13140  5978 
42406  4673 
16773  4672 
12407  2470 
17753  5384 
25248  7628 
42309  9103 
26002  645 
24390  4547 
30441  776 
12717  9954 
30737  1629 
10692  1237 
2032  2511 
8102  5742 
24863  5624 
2734  4674 
30539  5353 
17451  3615 
23204  1061 
14901  5268 
35916  2540 
26815  9495 
29506  4159 
32478  9336 
10726  5205 
28510  3318 
27302  7066 
16395  2761 
28561  2862 
5436  3276 
43375  6976 
33407  4393 
20479  2646 
20140  4238 
24804  5988 
41602  8830 
27885  7794 
6878  4670 
2891  9610 
35659  3338 
39465  3425 
12040  7868 
1637  5586 
35269  337 
42776  2754 
5008  9529 
10924  9206 
40087  8336 
33469  2335 
5284  5547 
41373  1579 
36490  3129 
22510  6330 
25646  7866 
14743  6248 
35019  1587 
14168  6141 
18753  8019 
25971  3575 
20589  1432 
6497  6938 
25477  1104 
43706  3165 
41454  3424 
8358  9590 
6020  3674 
6326  2751 
14573  9359 
43451  7565 
33374  8452 
38668  5404 
43143  8287 
22666  3940 
14248  4506 
28236  7429 
4766  7169 
17735  4567 
38910  245 
38910  1001 
38557  6615 
14234  3718 
4008  3118 
11348  7814 
15015  1432 
26789  1098 
39614  3779 
8049  6811 
12720  2886 
12720  8683 
4487  72 
17403  887 
28985  3096 
34445  8496 
36844  843 
6180  8016 
14251  3203 
14251  6045 
36519  3875 
22058  8261 
37740  1175 
39850  2098 
21235  7340 
2052  2861 
21302  8452 
7167  7593 
11423  7973 
32272  4667 
41174  6068 
26315  9826 
36859  1590 
36117  8043 
21978  1270 
773  6999 
23029  5907 
33465  6191 
29315  5155 
28834  2904 
32593  4577 
34135  555 
6516  7702 
10388  9214 
36587  6806 
32031  5349 
10994  5023 
17212  2571 
23738  9428 
38846  6096 
1191  2906 
12479  1295 
39893  9087 
3800  1915 
3800  9772 
32113  3935 
33434  9455 
41646  4811 
43426  7813 
369  3510 
44006  3442 
14409  7118 
24128  2719 
23587  8821 
42982  7201 
14146  2771 
22691  4279 
37079  6119 
19864  7205 
20727  9909 
16345  7044 
1098  3305 
30017  2226 
5628  5249 
43389  5796 
32189  2216 
21468  2956 
6649  6517 
38986  878 
5219  8628 
4087  3662 
23807  284 
35189  6499 
15398  667 
29091  2772 
29091  3617 
32567  2558 
42558  6926 
38110  7516 
2021  9964 
17287  228 
43924  6995 
24545  79 
25168  9 
10131  3706 
40096  6575 
17346  402 
15504  542 
27303  2398 
12308  8593 
7868  9579 
16683  5943 
19491  8514 
29525  9995 
23380  3127 
22423  9913 
25779  7213 
37420  8088 
6  1529 
15073  9451 
20655  9126 
40677  4641 
517  9045 
30365  9403 
6509  9159 
20923  3429 
40470  8451 
42523  322 
5954  6130 
4262  6713 
29365  1890 
2549  4416 
28075  2405 
28075  6761 
18648  4291 
43184  4276 
18761  9980 
20403  5217 
40187  5500 
26472  7304 
15563  8568 
6305  4917 
25173  2111 
10062  8717 
7561  5082 
40212  1600 
32833  6740 
16110  7592 
21636  8263 
20973  3667 
9751  2638 
20612  6024 
7000  3844 
41080  5599 
26645  284 
9692  7919 
38907  6331 
13958  5795 
10719  7910 
13216  8982 
38160  1031 
23976  5773 
3583  9073 
11853  9011 
39086  7020 
21386  8278 
33453  4505 
33453  9828 
5018  4305 
16991  8220 
11034  4013 
36571  4846 
32092  6199 
31398  4585 
4042  5861 
12121  2413 
21610  6638 
40148  9143 
5373  9388 
17731  3665 
31314  6288 
3647  3941 
42578  3065 
695  1554 
6441  8382 
9776  1145 
7183  2396 
37488  7477 
23502  8372 
5183  784 
8723  96 
18651  6219 
4735  2759 
18735  243 
36358  6308 
20094  9329 
30533  2816 
26744  5942 
12101  1874 
20076  5434 
19358  7616 
34414  430 
34414  3591 
16454  6731 
23452  1706 
29859  6285 
28851  2641 
15473  3673 
36106  6853 
1184  5699 
17579  8095 
31484  8719 
35689  4778 
6111  9474 
15400  4098 
24377  109 
1972  6149 
39040  2919 
34546  2034 
6181  2618 
31496  9535 
12724  2574 
10964  7742 
34716  5152 
342  2627 
28756  1488 
34828  3142 
24650  5333 
8108  3923 
35672  8812 
20199  4775 
20199  7618 
26889  9890 
25605  8544 
34926  5267 
1198  5141 
37729  5856 
4243  5650 
2697  7121 
560  7056 
1348  3998 
38525  1520 
22742  3031 
15772  8136 
37539  6445 
19619  3009 
424  8178 
3958  2359 
6036  4919 
42348  5728 
33684  4893 
15650  8792 
31413  4741 
24593  2039 
33037  328 
8133  538 
40211  6294 
1662  8056 
12325  2385 
11866  4525 
33798  1828 
42076  634 
32811  2451 
28995  3005 
25306  8709 
1831  1082 
41851  833 
41851  8860 
43132  7890 
14541  756 
38212  554 
43966  4758 
14489  552 
22530  9995 
36675  394 
18670  2827 
4287  6628 
28894  9371 
24274  9968 
37589  6853 
634  9905 
33891  5175 
3037  4291 
36647  8815 
14641  7826 
19972  6685 
20081  3987 
24989  3319 
34917  5339 
16624  706 
11923  9123 
2801  1467 
22273  4802 
23992  3459 
17263  9031 
39331  4534 
16336  4631 
9018  9540 
23845  3934 
7730  6738 
6641  2427 
32167  9217 
29150  494 
35636  8856 
26233  1572 
38852  7781 
13774  7774 
34993  3890 
2522  7242 
17835  141 
28138  5694 
20671  407 
11326  4027 
14511  3721 
27316  7827 
30794  1814 
32858  6101 
36617  6133 
20455  9089 
17975  5855 
39962  7132 
35203  1881 
13223  8944 
15094  9613 
27229  4282 
36233  7045 
13579  6289 
27178  970 
13322  3387 
31307  4444 
1072  9723 
8703  7155 
24598  946 
38292  431 
28056  7383 
15834  6305 
24955  3810 
36877  1160 
21259  9946 
37771  79 
4112  1541 
18276  7034 
2385  1848 
8608  2094 
8608  7363 
33124  1850 
23847  3558 
15721  3333 
30063  5644 
8808  2630 
28590  7859 
43044  9446 
33750  3167 
9872  5920 
19845  3682 
18679  3547 
23559  6065 
36710  3157 
11028  3783 
38150  7890 
15767  8574 
21413  6652 
30816  9632 
20153  3380 
10769  730 
27747  6325 
16038  6249 
19260  443 
29190  9728 
27999  9031 
38948  2914 
26294  5161 
27403  3681 
27403  4234 
24138  9955 
30814  3271 
33331  9001 
8812  5767 
30793  9845 
18972  5670 
30084  3293 
39799  160 
39799  9541 
33218  75 
3315  7218 
27528  5008 
6531  5199 
13230  2685 
1205  7124 
7266  6980 
13017  7166 
27447  7394 
29022  6801 
27897  113 
16275  6440 
36734  5702 
19373  2858 
5783  1206 
26871  1809 
16168  7865 
25671  2958 
28609  4419 
22834  3105 
36330  3402 
22766  2489 
11867  2543 
31735  2480 
41017  5347 
42335  7374 
18465  4304 
17385  3905 
41327  6674 
13158  9775 
41994  4742 
3421  7359 
23811  9689 
1690  8675 
22568  4616 
7645  4820 
34836  6816 
12961  3733 
1423  7698 
36426  6056 
3872  4064 
43846  519 
27802  4156 
14527  6843 
30731  7396 
3069  7249 
24623  6892 
10989  4457 
22193  4987 
40930  6104 
36144  9862 
9330  1239 
6377  4613 
36593  5239 
4152  7262 
2897  9900 
19321  7682 
13023  9902 
29255  6095 
41947  8009 
15875  1018 
15272  139 
9842  3361 
38821  3443 
18119  6057 
23385  8908 
30328  7475 
34512  544 
24374  2545 
43935  2264 
16714  6295 
34213  65 
21377  5136 
36770  9011 
27164  6458 
879  2856 
4182  499 
23856  6491 
9363  6704 
26436  1960 
9649  3601 
9649  5195 
25037  4061 
19010  7761 
6879  5637 
9910  1818 
11878  860 
22713  8622 
4419  8874 
34377  1534 
17472  1854 
6984  287 
17435  6660 
25304  1628 
39565  5731 
5463  1756 
8369  5593 
8369  8358 
16316  6610 
4268  4549 
40695  5499 
738  2061 
1347  3551 
35151  6971 
27509  1627 
17151  4205 
44001  9407 
17631  2704 
40417  2218 
31034  5919 
12546  4780 
23950  9882 
40881  5074 
33538  8159 
4332  3519 
19236  3410 
39601  4263 
10942  4929 
28255  3091 
20760  676 
16365  2017 
17260  9861 
37274  3605 
31159  5953 
27082  583 
41790  7039 
19659  8704 
42055  2543 
24824  179 
24824  9651 
23073  3059 
33993  3133 
20324  1559 
2098  6641 
34022  3455 
24794  8181 
3981  9892 
10890  3816 
5786  7701 
41682  5351 
231  520 
12454  6503 
5388  5365 
10765  3018 
12007  1967 
41389  8105 
36963  6738 
23998  8067 
26908  3539 
10839  8868 
25045  6835 
14185  1354 
36159  3337 
36159  6221 
34795  8447 
14305  4720 
4878  7298 
3712  5632 
41141  7498 
12146  5560 
42010  154 
42849  3615 
29749  4309 
28104  6776 
31804  7096 
13742  3968 
36836  3563 
27331  383 
38796  722 
42874  3691 
26091  6450 
26091  8088 
13373  2812 
28351  573 
13846  9113 
42999  3407 
11172  2121 
11172  7453 
15963  9288 
3911  7963 
6553  7965 
11956  1555 
3341  1085 
28970  7802 
18388  842 
43383  6523 
8061  676 
39128  4935 
33132  7970 
13727  8079 
18688  6731 
27623  4010 
40423  8122 
22163  3287 
33491  3169 
2562  9227 
5083  3289 
3695  322 
17182  5130 
26215  6271 
18407  490 
27746  5187 
21949  2867 
40691  1122 
39831  1624 
8716  6488 
8716  6919 
34676  1078 
27144  8720 
12115  3361 
41958  187 
33482  6410 
35282  462 
34662  748 
9522  6498 
8055  7051 
23813  9667 
40595  4022 
20354  3333 
6545  1767 
8268  4863 
4325  2670 
32177  1719 
32148  741 
19789  4282 
19789  7948 
43419  5091 
7062  9330 
40903  5493 
20564  7720 
25745  8861 
12617  9569 
24242  4150 
18242  6585 
15265  8052 
18140  4911 
25196  7211 
5266  378 
5266  5159 
5266  8172 
1989  6739 
39375  726 
39375  7511 
34409  1013 
14640  770 
40197  141 
34017  4945 
38994  6365 
20359  1644 
34297  3278 
1832  614 
1832  9780 
14507  4781 
16061  841 
24467  3635 
19372  7389 
34413  7762 
19332  598 
18993  731 
7490  8332 
3300  8727 
37445  5765 
27152  9088 
1779  8031 
18546  4935 
27363  492 
27444  4258 
39146  5040 
6707  5508 
11750  133 
43752  5574 
42263  9523 
18178  4190 
19677  7648 
19677  9603 
22212  3198 
21911  5255 
4598  9576 
29452  6940 
22534  3152 
20716  3548 
25279  2296 
24122  9922 
21990  4933 
34632  4900 
23393  5740 
33867  387 
14974  4657 
19778  6542 
43157  3395 
2815  1567 
15359  6388 
4578  3361 
26966  6250 
14279  5359 
42459  7113 
22057  241 
41426  347 
887  3001 
15173  1372 
26231  2522 
34471  6397 
29523  8452 
16895  736 
36911  6236 
24234  7611 
30384  9192 
21926  5823 
34340  2573 
7886  4158 
27651  3679 
27470  316 
11259  5375 
5174  888 
38756  448 
7234  2020 
8035  9637 
28370  2043 
32656  718 
43329  3929 
27580  3309 
42170  1461 
42170  4301 
38105  2019 
16858  8796 
41661  4443 
42941  3522 
6065  2698 
42878  9514 
36160  3076 
2606  9095 
27534  2389 
41311  2213 
36242  9066 
23270  5285 
24003  7111 
41352  6173 
43585  2757 
15591  87 
6946  8606 
40027  3256 
19301  816 
7922  2384 
38324  4313 
20253  3802 
23757  2524 
8637  6953 
19243  3512 
18653  683 
33558  2294 
17852  2506 
8466  4449 
39784  5254 
28423  8226 
24893  4462 
6230  794 
37486  1735 
18480  6297 
42504  4404 
19500  1648 
36214  5094 
21519  9224 
5281  1473 
18415  7821 
15057  5514 
29042  8700 
24042  6375 
3942  4178 
27967  1524 
42038  4601 
13473  1101 
16857  2841 
13855  7867 
6204  2538 
11715  2964 
28776  2958 
18165  4036 
25057  3966 
18821  8686 
7597  834 
41875  9355 
27577  8174 
35069  6756 
40793  5133 
43296  7901 
42760  5943 
15434  4180 
28265  9746 
28799  6526 
28799  8020 
29020  323 
22112  4833 
7615  7549 
15328  7749 
5244  1857 
25701  8625 
4720  4973 
1993  2260 
20726  2898 
15190  3421 
16304  6497 
17175  5122 
28897  8275 
16942  4664 
38587  8327 
36581  116 
21093  5756 
35251  6351 
25836  7280 
28751  9649 
65  334 
20435  1225 
23700  8479 
25330  692 
14411  2421 
27044  6681 
14966  4292 
25202  8341 
31890  5358 
6605  9915 
23472  4140 
14446  6198 
33382  176 
33382  8197 
37836  1661 
37599  4394 
9506  6783 
37653  9311 
30290  9846 
2073  5710 
28463  1868 
16241  3288 
12033  5800 
28293  3516 
42790  4227 
18133  6171 
23052  4054 
31210  9442 
43334  4946 
8313  9735 
14008  6981 
21775  5865 
37110  6927 
15660  5374 
32524  2768 
9526  9535 
6026  8278 
40447  4916 
11355  3548 
19690  3938 
9666  685 
34615  7519 
43128  9674 
38483  156 
32185  4421 
24816  6594 
9565  8535 
15798  842 
15870  4420 
15586  6958 
11606  3501 
7011  8390 
19638  3841 
7039  2204 
27975  593 
42660  7634 
4969  6593 
24579  3738 
17288  5852 
26063  478 
40102  526 
25280  5929 
36805  3646 
5599  522 
27267  288 
27613  991 
28324  6733 
28324  9394 
39188  6054 
17254  1834 
18010  105 
30598  3686 
12863  7244 
30869  7560 
42349  7827 
35166  6850 
42690  1654 
9830  5268 
38484  7145 
38692  6913 
36365  964 
20720  3359 
14731  5229 
11408  9702 
16443  9073 
23097  148 
6096  8429 
2504  2992 
13959  1102 
25026  3470 
34536  5469 
34536  6097 
43544  1348 
10346  6689 
18474  2163 
2628  1017 
36665  5405 
42227  2234 
4334  8056 
38291  3536 
22393  7434 
22801  2515 
29392  1482 
12911  7269 
13752  735 
3039  4345 
35415  4520 
21800  8351 
10316  1464 
31588  5291 
31588  7469 
21703  3332 
35595  343 
3321  8109 
7873  2667 
2763  7959 
10270  2050 
36417  5298 
21586  6889 
18135  2214 
5193  7202 
31450  6035 
20833  4761 
30230  7740 
30505  6436 
3950  7581 
14711  9928 
38569  1526 
13180  7104 
24408  465 
4354  4128 
19255  2713 
19255  6983 
20213  270 
39678  3245 
38277  6628 
24810  8338 
18299  6484 
17760  3285 
15496  3383 
7617  8659 
36691  2390 
9552  2278 
8912  5532 
32563  9655 
27411  2690 
2876  6629 
33022  4751 
7125  1700 
37355  6994 
9765  40 
7564  3968 
42669  5449 
31972  9796 
15206  3755 
37749  9409 
43968  501 
10804  5740 
26519  3800 
30788  5368 
15626  7599 
42831  1683 
24464  1795 
30100  4818 
12690  8410 
30871  7757 
7986  757 
21052  7929 
22065  6394 
22575  1334 
39186  3775 
32953  3896 
34643  870 
37610  1865 
37610  2173 
41819  2142 
28173  9723 
42998  4334 
40071  999 
35483  1466 
35644  838 
25885  172 
30720  1908 
31129  3551 
3356  2567 
3356  5708 
35192  7419 
39287  149 
42736  690 
25338  4692 
13807  3072 
13720  2220 
42835  2625 
28123  5560 
39101  8352 
32796  9088 
9423  463 
25485  8197 
18380  8074 
14870  8673 
20932  9918 
20602  2446 
29951  5486 
4531  6980 
3864  8544 
4341  7728 
1228  4180 
41564  1713 
30265  8723 
21190  6922 
27929  9112 
19194  8396 
41499  9188 
33991  4091 
23722  2129 
2454  2740 
20832  2519 
33344  5573 
33344  8841 
20735  52 
43591  9404 
13759  2858 
17326  1684 
12410  113 
16804  8156 
9030  4887 
24504  1931 
26535  4493 
29  1827 
25897  3782 
14244  5453 
1988  718 
745  7454 
40832  1369 
4833  1719 
33360  8884 
14946  9892 
34019  1299 
21643  9738 
33809  9645 
9893  387 
26106  9759 
39448  5428 
41369  1979 
402  6183 
25358  6354 
17604  9884 
1692  8036 
20349  979 
21284  6665 
13756  6600 
32511  7507 
38586  7332 
38733  2425 
22842  286 
2424  6252 
11415  7264 
39934  8880 
34058  5256 
9873  11 
7372  5191 
22302  3499 
31943  2258 
23051  5096 
5458  2158 
38664  9186 
38868  7106 
26862  4753 
12161  7748 
35190  4156 
24807  2094 
17563  3009 
8890  2717 
16213  1074 
17743  5832 
16434  3906 
43  7035 
43  9843 
36790  5459 
6424  8606 
13823  4471 
5352  7837 
28471  5096 
14045  5827 
18763  3076 
8351  7488 
5764  9852 
12532  299 
17588  7922 
34872  7425 
30201  6932 
30201  7793 
36459  6335 
29160  6887 
24012  2809 
17220  4160 
13766  3846 
23099  1858 
9104  2322 
29707  9987 
5322  6587 
9043  7437 
1081  9063 
7822  5211 
39944  4951 
28923  970 
22395  8183 
12851  3417 
10173  196 
34851  6777 
13916  4113 
27643  8880 
30016  6164 
41118  1352 
941  9310 
12020  1474 
27318  3014 
29958  3973 
36539  9750 
2002  3980 
32344  3202 
18850  381 
12067  133 
30880  3624 
17806  5752 
11163  6347 
26702  2576 
31927  3805 
13462  4397 
1813  460 
17454  4617 
32677  8690 
43337  9431 
40272  1830 
5969  5065 
30691  9258 
5815  1958 
22389  608 
22907  3137 
1488  2344 
15952  819 
6192  8456 
38386  8753 
8787  9234 
20801  2849 
20801  3146 
17946  4450 
14475  6386 
19627  4986 
21253  21 
7347  8024 
3739  620 
40553  2280 
43622  9434 
10819  7507 
30938  784 
3297  2659 
20712  4525 
32360  6332 
27460  7939 
30907  1601 
3589  8156 
42450  8992 
31448  729 
11995  2489 
7316  3380 
37873  9638 
16155  1250 
39532  5478 
28359  2165 
6737  4249 
31384  7198 
13477  252 
13477  610 
18652  5702 
42616  5907 
42616  9569 
23768  169 
15140  3933 
2666  8018 
11027  9812 
38792  8717 
41275  8977 
38431  9731 
17381  2825 
14675  5155 
42176  1503 
6294  7909 
27712  7801 
35296  6114 
17840  5030 
25439  9081 
42984  6510 
20059  2462 
9827  5615 
25623  8932 
10855  8505 
34571  6781 
4634  4409 
25762  5094 
30019  3492 
16326  461 
33221  7830 
28534  5260 
31740  8678 
4066  5761 
3605  1947 
3605  9923 
17257  2568 
7366  3807 
7411  8419 
3414  5999 
20011  3061 
20011  9725 
34218  8922 
17108  337 
38288  4289 
11812  5163 
24229  3557 
43960  9251 
33038  5466 
30206  6295 
40507  7154 
16143  1733 
37032  5574 
9470  1914 
32421  5929 
30829  8886 
22995  4026 
14368  7901 
8335  6465 
771  4698 
9524  4347 
4997  2289 
43297  82 
28716  8594 
4611  9719 
25581  6543 
36570  9838 
39957  4320 
37638  517 
3506  4074 
33934  7858 
13817  2240 
28521  4488 
38444  5445 
12729  1683 
38680  4367 
43226  692 
36532  7137 
22553  2801 
32718  636 
43870  8511 
19762  9719 
42718  9049 
42130  1360 
40355  5713 
1161  983 
22727  881 
9109  9748 
31631  8272 
29410  7592 
19200  150 
7581  3080 
10220  7767 
14114  3796 
41809  3325 
23764  9146 
34374  413 
22883  1398 
27209  1812 
18571  3571 
28148  7993 
133  1931 
27926  4575 
29524  890 
37512  8565 
7158  5457 
35283  68 
20481  9122 
14389  8215 
32569  1924 
38095  762 
26736  3525 
26736  8430 
19361  4210 
16969  9225 
32580  5163 
10465  9572 
36034  7652 
4989  5049 
34454  4433 
9042  8339 
14572  1447 
8900  538 
43146  4390 
11508  6816 
41263  8405 
25117  652 
6440  3390 
1835  6830 
1670  1593 
16601  5205 
29906  3667 
10089  8848 
17572  4252 
6484  3899 
9077  2944 
5012  8272 
7329  5525 
21907  9729 
13037  5517 
26730  1133 
20893  3661 
41568  4816 
9905  2283 
21860  5423 
12661  1229 
27714  5092 
10428  8598 
12560  3652 
15669  5283 
36410  4663 
34837  4965 
24378  7282 
43270  7264 
14194  6074 
30875  4962 
12727  6742 
9482  5495 
1394  1328 
17979  9153 
21271  1498 
16855  6562 
19725  3235 
19212  2920 
12535  7538 
8735  558 
8735  2082 
2005  8931 
24900  5852 
7727  4376 
44005  2021 
14096  73 
5044  1295 
22364  6307 
10941  211 
11545  5618 
15939  6695 
11316  4658 
23909  1104 
6929  4122 
22287  1822 
36224  9055 
29502  2529 
20959  6485 
7574  2939 
14126  9643 
13459  3727 
29176  9849 
26485  5975 
2547  7643 
19748  2682 
27612  7406 
36173  9400 
103  2823 
28049  1793 
28049  8872 
36802  5930 
32549  1612 
34149  8544 
10499  8450 
21773  8162 
27972  7799 
39094  8223 
36601  8394 
24416  9712 
24726  5872 
3774  3689 
15647  2602 
33027  7798 
7507  9448 
6866  4478 
15818  8089 
21007  9419 
38106  6373 
5383  376 
1843  9499 
30357  1194 
42013  8314 
43239  8590 
617  3822 
17571  2772 
40289  138 
21541  5115 
27266  6768 
18626  4715 
37434  9672 
35278  3341 
39570  3982 
4009  776 
15800  3391 
21083  4923 
526  6985 
30926  5369 
12920  542 
33005  2764 
13010  3342 
33953  185 
19906  7851 
6579  4039 
6579  6703 
13449  9450 
22369  576 
19071  7359 
8962  2779 
32699  3832 
7090  9092 
16366  8335 
34838  335 
18514  8171 
41390  6955 
21425  7672 
17279  9625 
27694  9533 
7054  4001 
38449  4874 
10800  7210 
31998  6124 
10613  4448 
8266  3349 
30377  4931 
14291  9832 
34897  1107 
22099  234 
35391  1004 
11321  3740 
11321  5657 
37347  4565 
16867  5583 
24981  2012 
24278  8510 
37824  9266 
29497  9597 
26642  4206 
26567  9940 
38226  3426 
12197  5394 
26099  8970 
11319  1376 
22936  5721 
41812  8299 
21594  5118 
1533  3051 
16201  6816 
40040  7206 
39498  5579 
5164  4822 
6710  692 
41615  7236 
22053  3623 
14082  7468 
33830  9541 
10670  1746 
28789  3238 
15065  3662 
18346  9853 
32034  6183 
32664  4390 
21398  2179 
27517  5935 
28241  851 
33907  9345 
33998  1924 
34936  4944 
18965  5792 
23529  7636 
23569  4407 
21223  5379 
19090  1906 
22479  3579 
9211  6502 
41238  3045 
40658  4388 
41027  7148 
30004  2147 
21220  6861 
22720  2489 
40988  4835 
3870  4368 
24543  5046 
21219  1072 
13145  6544 
22083  1140 
949  6469 
24968  9210 
26408  2110 
31952  6515 
19916  5059 
37827  7968 
35837  9818 
12171  3687 
9740  3220 
41359  5682 
33748  3254 
33748  6723 
35458  7222 
40072  4853 
31711  925 
37868  3565 
33877  5003 
757  5448 
9862  8466 
20535  1744 
26242  5326 
18330  4693 
23094  1194 
3412  219 
39218  4828 
36470  6584 
6581  4944 
14467  3583 
30308  1774 
37299  9757 
42635  606 
639  6806 
14741  691 
3147  5610 
18370  515 
20667  8761 
22507  6391 
1934  5703 
10364  3626 
26425  215 
10150  3604 
18440  7090 
28422  7315 
7416  2946 
10466  4069 
4685  4277 
6001  4837 
19437  8900 
18477  3257 
41698  151 
15120  1338 
30389  2827 
1001  2073 
36040  630 
43339  3317 
10909  8372 
40073  7954 
38745  7443 
31328  6514 
20827  6312 
30301  3831 
15257  8749 
33243  5460 
8178  2614 
24158  7943 
30975  9573 
25072  2500 
30752  8001 
19278  2459 
1208  2051 
36380  4930 
10438  7658 
35111  8299 
8165  1466 
32093  8915 
27011  9177 
10760  4308 
42905  896 
9345  6552 
10006  6381 
42640  4359 
20099  7411 
25487  990 
24738  4802 
19523  5711 
10374  8459 
7163  4171 
11791  8456 
3530  9774 
40157  706 
33945  6932 
34911  6742 
27115  8439 
41510  8621 
14534  6679 
14969  1541 
35956  214 
17163  4271 
16871  6966 
39008  6485 
4701  7990 
39468  3381 
31404  2240 
31404  5234 
15732  2328 
37776  9715 
1262  8117 
43703  5015 
41469  6752 
35171  8629 
38171  6328 
5029  9422 
12931  7029 
6568  7107 
37077  1310 
29194  3595 
14021  3823 
7896  8982 
7971  8015 
4959  2786 
14769  9014 
3389  698 
34624  1180 
23478  3142 
38504  5934 
16244  1826 
1  3227 
3806  5383 
23602  9430 
34578  9065 
11087  5193 
2391  6850 
34685  6806 
34932  7091 
34678  4343 
6942  4435 
25787  1522 
3501  5780 
42521  9494 
36077  6499 
5800  2961 
5931  669 
7335  2162 
26549  371 
11318  241 
29085  7190 
18869  8077 
27418  9220 
42139  3159 
32738  9947 
31313  5075 
36697  8163 
6783  8965 
12250  5117 
1890  1273 
21080  1838 
40461  8999 
34071  4795 
28307  2987 
1231  7269 
6341  5307 
40057  4363 
19769  6150 
11625  208 
11625  5983 
34304  7694 
21632  1689 
8103  5432 
24195  8837 
31341  3291 
20797  6371 
31170  8894 
21227  1960 
4952  2965 
32497  6399 
26429  9741 
19993  8514 
21793  9453 
32884  1147 
14785  7667 
35813  7714 
8116  6059 
33334  404 
39085  403 
40395  3907 
487  5727 
30872  1851 
31556  6993 
39923  6934 
8971  8110 
21239  6590 
22884  1351 
8502  3091 
3784  4070 
29451  6878 
24647  360 
10145  8974 
16260  1665 
35022  4617 
28170  3101 
3137  6905 
16838  1385 
34364  894 
32812  8592 
3847  6052 
22829  2945 
29087  9976 
25977  4257 
3725  8159 
35512  3583 
14873  6604 
5121  5563 
32903  5281 
37345  1879 
19754  7791 
10196  9227 
16534  5019 
33392  5551 
22928  5117 
41810  6546 
18052  9702 
37118  3095 
30704  1553 
36398  679 
1031  8676 
24875  6892 
7893  2510 
24241  2246 
33594  2064 
25107  5284 
28875  371 
42198  2396 
23159  9041 
36609  1967 
43610  1608 
35825  5333 
13934  7503 
2630  6775 
32006  9612 
21706  7998 
10240  9822 
36019  7774 
27985  424 
10167  8295 
6797  818 
17238  4327 
29829  6335 
5272  5111 
42750  8661 
4080  5458 
4583  2372 
29000  4733 
20020  2514 
20020  8001 
7982  1041 
27073  7368 
9984  9713 
43556  7449 
4337  5562 
26619  3340 
18074  8438 
28197  2294 
29554  2170 
19551  711 
17768  7739 
42749  6259 
24771  2881 
8500  3382 
27482  4666 
20809  2629 
42740  2562 
7914  6838 
29468  2235 
32936  6737 
3404  6494 
14991  4455 
35990  7347 
4041  4604 
42317  7134 
6050  40 
42893  9280 
37738  2938 
13148  1140 
4892  1125 
30680  2933 
40991  1666 
22692  9913 
23985  2182 
35228  7440 
37713  5341 
17134  4318 
22950  1764 
554  6521 
20387  3590 
1619  4436 
5813  6377 
32162  7587 
16875  3280 
34753  8530 
626  6024 
27139  615 
1106  1472 
30353  1746 
30208  9214 
9252  3127 
20442  9936 
42306  8706 
906  3621 
11438  2647 
36264  2856 
37341  7354 
19900  3251 
29752  8080 
8282  8970 
32731  4684 
6231  5988 
28726  5615 
23842  2019 
200  6468 
29045  3049 
29174  7017 
29174  9150 
35935  6458 
38655  2655 
24123  5574 
14052  1350 
22496  8108 
38254  4681 
34718  1203 
25177  5365 
23591  5799 
40759  4429 
35042  5148 
14593  6105 
3331  2977 
27068  2858 
15806  3062 
9177  1719 
21699  7711 
2473  6539 
8653  2119 
32181  3206 
22542  4239 
39425  827 
39425  6016 
18184  5018 
41069  655 
5366  4366 
15749  490 
31971  2405 
38041  1920 
41739  8556 
20281  3113 
18864  5667 
11553  2793 
25676  8886 
19574  674 
24873  2712 
32479  9223 
39899  4249 
10261  2857 
24541  1052 
13510  7138 
17431  5154 
40974  4218 
17316  8299 
3817  4607 
29200  9416 
1236  4280 
31480  5111 
16974  2045 
25814  205 
32957  4775 
36854  4442 
23108  5778 
2230  8364 
38121  1578 
26284  9843 
9741  9067 
19865  7740 
43193  1503 
11121  1754 
29169  8787 
30148  1710 
7750  58 
18818  2609 
27559  1781 
22398  8594 
14256  4473 
33781  8633 
18896  5879 
11047  3369 
33002  2721 
13561  5943 
23922  6210 
1529  6221 
17930  170 
2082  5413 
39988  5255 
15868  23 
12125  9982 
25182  614 
10146  7349 
40314  3192 
40316  629 
2966  3892 
14193  6825 
36659  9994 
21576  5447 
18636  5415 
27578  7594 
23061  2543 
3355  1094 
5271  5780 
17632  181 
37142  9683 
19618  2301 
13219  6535 
39999  5156 
27886  6876 
5617  5760 
20609  8807 
14515  769 
8820  9738 
22844  8349 
10047  9883 
38060  7675 
4478  9133 
34429  2156 
27674  7362 
24237  164 
35021  6299 
10415  6323 
18077  9504 
34707  4035 
24709  6262 
24046  7070 
31158  3056 
4910  461 
32026  8998 
17886  1596 
29342  1051 
25247  8786 
22619  3863 
25648  4400 
15422  6533 
976  6998 
8979  1136 
34166  149 
16438  5314 
832  1087 
7101  4750 
34810  3670 
5218  2998 
5218  6729 
43274  4698 
5685  4916 
22825  7577 
16053  2392 
38867  4823 
26382  4452 
42008  8337 
40844  3720 
25135  1483 
31140  4087 
24203  4307 
27521  2375 
11339  8265 
41078  3150 
27889  4617 
33961  7555 
40716  4572 
40365  8722 
16813  9923 
1069  4357 
2306  4077 
19443  3112 
17664  1397 
30728  3575 
13990  6187 
29228  5681 
13553  9496 
25435  6935 
39255  1507 
30003  1619 
4202  9931 
10927  2434 
26954  67 
8909  3406 
24802  9578 
4569  2091 
14269  1495 
30828  2462 
8149  4481 
17115  4503 
39350  2561 
24856  9195 
30715  8064 
21261  8116 
17948  3538 
16565  2193 
973  4198 
22094  3691 
11205  9157 
23740  3850 
30226  3617 
19859  6914 
39721  3750 
19017  3402 
28596  3925 
30805  783 
21388  9776 
36445  1904 
19851  8501 
16545  7379 
7898  3432 
35527  8746 
18219  1823 
39252  5739 
31775  8717 
22679  2175 
30070  8100 
21912  6169 
40618  645 
37757  3820 
25518  5490 
16148  8034 
27086  692 
2622  4398 
6236  9912 
15949  1671 
18734  4281 
36643  8204 
30947  7808 
36740  2915 
39345  3996 
36737  4672 
8714  9283 
19990  9284 
27239  6226 
2721  2399 
24071  5390 
132  9933 
9151  6389 
39147  812 
38791  2302 
27027  8174 
15710  3770 
540  3130 
24609  3257 
43992  6959 
34087  4439 
25854  5419 
30673  5685 
32182  9005 
3108  9611 
2571  6155 
5232  1371 
25100  1293 
764  8067 
7193  837 
12043  6351 
14840  3478 
42347  9771 
33451  9559 
7835  9697 
7034  4981 
39381  2327 
87  8772 
34944  6649 
14253  1583 
23429  8559 
32948  6316 
43052  7357 
34889  8686 
44004  8367 
16234  2492 
23885  4518 
11639  6235 
42077  9985 
28675  681 
6809  5342 
41866  4456 
149  342 
12644  6104 
